# origin on invert_vector_field
0.1911336835473776
0.12771695852279663
0.12012656405568123
0.11884924583137035
0.1779775395989418
0.17567676678299904
0.11854912526905537
0.11943873576819897
0.1791164092719555
0.12060762755572796
0.11879033036530018
0.11738292500376701
0.11792239919304848
0.11831534467637539
0.12037763930857182
0.12046035192906857
0.1774159111082554
0.17761020176112652
0.11926028691232204
0.1176477000117302

# parallelize _compose_vector_fields_3d()
0.0592136736959219
0.04965529032051563
0.051156120374798775
0.05288267880678177
0.05253363214433193
0.04749562032520771
0.0483362153172493
0.045237911865115166
0.04582827538251877
0.04417743906378746
0.04523825645446777
0.0497142169624567
0.05084293149411678
0.0498661994934082
0.04654187895357609
0.04689600504934788
0.047680824995040894
0.04748046211898327
0.046240754425525665
0.04773802496492863

# parallelize invert_vector_field_fixed_point_3d
0.20818919874727726
0.1395772621035576
0.14196349866688251
0.14432263188064098
0.22049158066511154
0.23930110596120358
0.13836375065147877
0.1401979997754097
0.21012608334422112
0.13954521156847477
0.15211933851242065
0.13898045383393764
0.14001101814210415
0.1410704292356968
0.13932730816304684
0.1398847233504057
0.20522157102823257
0.20507491752505302
0.13776259310543537
0.13830946013331413

# origin on warp_3d
0.08160753734409809
0.07598385214805603
0.07746042683720589
0.07408786006271839
0.07705477066338062
0.07494154945015907
0.07659830339252949
0.07447154261171818
0.07950803078711033
0.07709036208689213
0.08182191848754883
0.0955133717507124

# parallelize warp_3d
0.012273015454411507
0.011139698326587677
0.010625384747982025
0.012425918132066727
0.010888339951634407
0.012347584590315819
0.01059388555586338
0.012114699929952621
0.011278193444013596
0.012381093576550484
0.011096319183707237
0.009966133162379265




